a b c d e f g h i j
0.0 1e-05 120  64. 64. 64.  1.0892961025238037 46.22314015694363 -35.60597600426064 8705
0.0 1e-05 120  64. 64. 64.  1.1739962100982666 1.7406348495543895 -117.81289281334267 8705
0.0 1e-05 120  64. 64. 64.  1.2297710180282593 62.65104968580752 -54.48102880241257 8705
0.0 1e-05 120  64. 64. 64.  1.235267162322998 30.243642975449617 -63.97304143394814 8705
0.0 1e-05 120  64. 64. 64.  1.0209498405456543 48.58271615660196 -58.48784836584031 8705
0.0 1e-05 120  64. 64. 64.  0.9644349217414856 51.23745064196521 -40.85045822912156 8705
0.0 1e-05 120  64. 64. 64.  1.1281582117080688 37.4052132408643 -38.8852881380497 8705
0.0 1e-05 120  64. 64. 64.  1.0401036739349365 25.754746321918986 -61.228877313154754 8705
0.0 1e-05 120  64. 64. 64.  1.0866589546203613 50.1481886628583 -44.165644891279754 8705
0.0 1e-05 120  64. 64. 64.  1.2074615955352783 13.725400428774435 -109.33368291344033 8705
0.0 1e-05 120  64. 64. 64.  1.240978717803955 35.297450459678004 -47.1938818880497 8705
0.0 1e-05 120  64. 64. 64.  1.1663049459457397 14.323882261802062 -92.53074845128953 8705
0.0 1e-05 120  64. 64. 64.  1.038001298904419 15.405127979133283 -113.33341527702194 8705
0.0 1e-05 120  64. 64. 64.  1.0164459943771362 9.916077568734423 -73.05905522789345 8705
0.0 1e-05 120  64. 64. 64.  1.0574127435684204 29.744169532178617 -58.5462988802372 8705
0.0 1e-05 120  64. 64. 64.  1.1795576810836792 38.82053474841052 -64.61725815587937 8705
0.0 1e-05 120  64. 64. 64.  1.166131854057312 19.790881733311892 -95.5075016861528 8705
0.0 1e-05 120  64. 64. 64.  1.2089627981185913 18.40868239789978 -91.98012151207314 8705
0.0 1e-05 120  64. 64. 64.  1.0204802751541138 53.93974388051274 -29.71779943229538 8705
0.0 1e-05 120  64. 64. 64.  1.2144970893859863 15.732613518441454 -68.75239934410439 8705
0.0 1e-05 120  64. 64. 64.  1.0931212902069092 46.78310687574893 -36.6235693880497 8705
0.0 1e-05 120  64. 64. 64.  1.0660836696624756 9.854336727542204 -91.24291600670205 8705
0.0 1e-05 120  64. 64. 64.  1.2058393955230713 32.65506843981677 -74.98922165685593 8705
0.0 1e-05 120  64. 64. 64.  1.0511106252670288 60.853373921592066 -17.054697668640245 8705
0.0 1e-05 120  64. 64. 64.  1.0954159498214722 47.68642701723138 -60.54470372917038 8705
0.0 1e-05 120  64. 64. 64.  1.2405405044555664 19.80181447334988 -76.85909470373093 8705
0.0 1e-05 120  64. 64. 64.  1.0889009237289429 56.452362899067424 -26.79585637535439 8705
0.0 1e-05 120  64. 64. 64.  1.1119730472564697 8.000103667047405 -90.07360448326455 8705
0.0 1e-05 120  64. 64. 64.  1.10097074508667 16.13193754178762 -92.38365372472703 8705
0.0 1e-05 120  64. 64. 64.  1.2225124835968018 36.35096065417433 -48.89040573888718 8705
0.0 1e-05 120  64. 64. 64.  1.1840673685073853 26.439751667355836 -60.511941993769994 8705
0.0 1e-05 120  64. 64. 64.  1.1915055513381958 40.212771487565334 -45.66162480797158 8705
0.0 1e-05 120  64. 64. 64.  1.1327201128005981 49.47704510278396 -80.6895096373735 8705
0.0 1e-05 120  64. 64. 64.  1.0519585609436035 29.671785398194118 -98.43124402821346 8705
0.0 1e-05 120  64. 64. 64.  1.043379545211792 58.203311038346584 -61.6127502989946 8705
0.0 1e-05 120  64. 64. 64.  1.2206344604492188 23.085261416764553 -63.99652471031533 8705
0.0 1e-05 120  64. 64. 64.  1.072179913520813 30.39994244165115 -68.8979798680572 8705
0.0 1e-05 120  64. 64. 64.  1.1481404304504395 2.1309310560526367 -92.95674504722939 8705
0.0 1e-05 120  64. 64. 64.  1.0493535995483398 34.373881734092066 -46.62410344566689 8705
0.0 1e-05 120  64. 64. 64.  1.1265711784362793 32.41257007154971 -51.20643987144814 8705
0.0 1e-05 120  64. 64. 64.  1.016339659690857 11.241240955207502 -97.68251050770564 8705
0.0 1e-05 120  64. 64. 64.  1.1225382089614868 25.26396472487002 -81.35802007438522 8705
0.0 1e-05 120  64. 64. 64.  1.090712070465088 44.395327639909084 -57.85451818229538 8705
0.0 1e-05 120  64. 64. 64.  1.09438955783844 21.878441765511766 -58.886951346057515 8705
0.0 1e-05 120  64. 64. 64.  0.9212858080863953 5.650868621217285 -85.41220291906296 8705
0.0 1e-05 120  64. 64. 64.  1.0718506574630737 18.109866214127834 -76.68249883140908 8705
0.0 1e-05 120  64. 64. 64.  1.038329005241394 7.933115685209586 -99.71460332359658 8705
0.0 1e-05 120  64. 64. 64.  1.1327041387557983 37.82860095533877 -63.563594110029754 8705
0.0 1e-05 120  64. 64. 64.  1.0582554340362549 26.94018638539555 -49.58320989097939 8705
0.0 1e-05 120  64. 64. 64.  1.117687702178955 24.69108672400786 -66.1443425064653 8705
0.0 1e-05 120  64. 64. 64.  1.0874375104904175 42.90789357491238 -39.9618262239872 8705
