a b c d e f g h i j
0.0 1e-05 120  64. 64. 64.  3.8796932697296143 99.29553222656261 -260.0057373046873 8705
0.0 1e-05 120  64. 64. 64.  3.7151107788085938 317.45098876953136 -116.46466064453102 8705
0.0 1e-05 120  64. 64. 64.  3.694849729537964 156.25396728515636 -269.585266113281 8705
0.0 1e-05 120  64. 64. 64.  3.763014078140259 162.41400146484386 -142.13183593749977 8705
0.0 1e-05 120  64. 64. 64.  4.0124831199646 285.2994384765626 -79.92797851562477 8705
0.0 1e-05 120  64. 64. 64.  3.928652763366699 212.0108642578126 -202.92285156249977 8705
0.0 1e-05 120  64. 64. 64.  3.657344102859497 250.1942138671876 -110.97717285156227 8705
0.0 1e-05 120  64. 64. 64.  3.9130961894989014 81.4181213378904 -258.775451660156 8705
0.0 1e-05 120  64. 64. 64.  3.770184278488159 107.91369628906261 -196.02709960937477 8705
0.0 1e-05 120  64. 64. 64.  3.7472567558288574 154.25579833984386 -360.110412597656 8705
0.0 1e-05 120  64. 64. 64.  3.52455735206604 290.6281738281251 -17.647277832031705 8705
0.0 1e-05 120  64. 64. 64.  3.68583083152771 135.10156250000023 -239.41363525390602 8705
0.0 1e-05 120  64. 64. 64.  3.8798420429229736 350.40545654296886 -160.61932373046852 8705
0.0 1e-05 120  64. 64. 64.  3.539123773574829 306.5908203125001 -292.7767333984373 8705
0.0 1e-05 120  64. 64. 64.  3.6421704292297363 127.59552001953136 -377.325500488281 8705
0.0 1e-05 120  64. 64. 64.  3.8107168674468994 142.7580566406251 -355.838195800781 8705
0.0 1e-05 120  64. 64. 64.  3.857534170150757 17.061271667480483 -427.1293945312498 8705
0.0 1e-05 120  64. 64. 64.  3.871720552444458 110.94323730468761 -220.78088378906227 8705
0.0 1e-05 120  64. 64. 64.  3.8617382049560547 250.78961181640636 -202.30224609374977 8705
0.0 1e-05 120  64. 64. 64.  3.760678291320801 192.00256347656273 -214.78448486328102 8705
0.0 1e-05 120  64. 64. 64.  3.778507709503174 138.74932861328136 -184.41461181640602 8705
0.0 1e-05 120  64. 64. 64.  3.833008289337158 178.48919677734386 -218.89581298828102 8705
0.0 1e-05 120  64. 64. 64.  3.7484729290008545 141.69390869140636 -175.57971191406227 8705
0.0 1e-05 120  64. 64. 64.  3.394653081893921 10.939025878906264 -540.0078124999998 8705
0.0 1e-05 120  64. 64. 64.  3.6762521266937256 53.904846191406165 -610.7519531249998 8705
0.0 1e-05 120  64. 64. 64.  3.9354407787323 395.1864013671876 -161.45416259765602 8705
0.0 1e-05 120  64. 64. 64.  4.125184059143066 121.59527587890602 -228.51562499999977 8705
0.0 1e-05 120  64. 64. 64.  3.9237060546875 476.3392333984376 -77.94830322265602 8705
0.0 1e-05 120  64. 64. 64.  3.549239158630371 75.82189941406273 -428.361145019531 8705
0.0 1e-05 120  64. 64. 64.  3.850802183151245 259.4663085937501 -474.7247924804685 8705
0.0 1e-05 120  64. 64. 64.  3.8434717655181885 249.01239013671886 -248.37847900390602 8705
0.0 1e-05 120  64. 64. 64.  3.4030818939208984 236.19409179687523 -310.1193847656248 8705
0.0 1e-05 120  64. 64. 64.  3.786092519760132 206.4866943359376 -150.43853759765602 8705
0.0 1e-05 120  64. 64. 64.  3.6467947959899902 247.4858398437501 -210.54370117187477 8705
0.0 1e-05 120  64. 64. 64.  3.734138011932373 160.9078369140626 -310.8863525390623 8705
0.0 1e-05 120  64. 64. 64.  3.7732412815093994 173.4818115234376 -107.39367675781227 8705
0.0 1e-05 120  64. 64. 64.  3.7909774780273438 47.177673339843864 -322.2023315429685 8705
0.0 1e-05 120  64. 64. 64.  3.5855679512023926 254.0311279296876 -140.61883544921852 8705
0.0 1e-05 120  64. 64. 64.  4.014137268066406 454.13861083984386 -211.36218261718727 8705
0.0 1e-05 120  64. 64. 64.  3.7329342365264893 672.8967285156251 -141.95739746093727 8705
0.0 1e-05 120  64. 64. 64.  3.7871835231781006 356.8637695312501 -147.30108642578102 8705
0.0 1e-05 120  64. 64. 64.  3.8005433082580566 192.8602294921876 -230.52819824218727 8705
0.0 1e-05 120  64. 64. 64.  3.9269299507141113 338.20086669921886 -81.73333740234352 8705
0.0 1e-05 120  64. 64. 64.  3.843756675720215 105.04528808593761 -320.1991577148435 8705
0.0 1e-05 120  64. 64. 64.  3.554936170578003 168.9580078125001 -79.65270996093727 8705
0.0 1e-05 120  64. 64. 64.  3.9885499477386475 292.18402099609386 -216.11029052734352 8705
0.0 1e-05 120  64. 64. 64.  3.5337986946105957 95.93548583984386 -429.5487670898435 8705
0.0 1e-05 120  64. 64. 64.  3.839261293411255 87.55017089843773 -291.9260253906248 8705
0.0 1e-05 120  64. 64. 64.  4.239427089691162 103.78497314453102 -352.6610717773435 8705
0.0 1e-05 120  64. 64. 64.  3.7249627113342285 182.9725341796876 -202.86401367187477 8705
